A

0000000000011100000000000
0000000000110110000000000
0000000001100011000000000
0000000011000001100000000
0000000110000000110000000
0000001100000000011000000
0000011000000000001100000
0000011000000000001100000
0000011000000000001100000
0000110000000000000110000
0000111111111111111110000
0000111111111111111110000
0001100000000000000011000
0001100000000000000011000
0001100000000000000011000
0011000000000000000001100
0011000000000000000001100
0011000000000000000001100
0011000000000000000001100
0110000000000000000000110
0110000000000000000000110
0110000000000000000000110
1100000000000000000000011
1100000000000000000000011
1100000000000000000000011

B

1111111111111111111100000
1110000000000000000111000
1110000000000000000001110
1110000000000000000000111
1110000000000000000000111
1110000000000000000000111
1110000000000000000001110
1110000000000000000011100
1110000000000000000011100
1110000000000000000111000
1111111111111111111110000
1111111111111111111110000
1110000000000000000111000
1100000000000000000011100
1100000000000000000011100
1100000000000000000001110
1100000000000000000000111
1100000000000000000000111
1100000000000000000000111
1100000000000000000000111
1100000000000000000001110
1100000000000000000011100
1100000000000000000011100
1111111111111111111111000
1111111111111111111110000

C
            1
0123456789012345678901234

1111111111111111111111111
1111111111111111111111111
1111111111111111111111111
1110000000000000000000011
1110000000000000000000011
1110000000000000000000000
1110000000000000000000000
1110000000000000000000000
1110000000000000000000000
1110000000000000000000000
1110000000000000000000000
1110000000000000000000000
1110000000000000000000000
1110000000000000000000000
1110000000000000000000000
1110000000000000000000000
1110000000000000000000000
1110000000000000000000000
1110000000000000000000000
1110000000000000000000000
1110000000000000000000011
1110000000000000000000011
1111111111111111111111111
1111111111111111111111111
1111111111111111111111111

0123456789012345678901234
