00 00 00 00 00 00 00 00 00 00 00 00 00 00 00 00 00 00 00 00 00 00 00 00 00 00 00 00
00 00 00 00 00 00 00 00 00 00 00 00 00 00 00 00 00 00 00 00 00 00 00 00 00 00 00 00
00 00 00 00 00 00 00 00 00 00 00 00 00 00 00 00 00 00 00 00 00 00 00 00 00 00 00 00
14 11 11 11 11 11 11 11 11 11 11 11 11 18 19 11 11 11 11 11 11 11 11 11 11 11 11 15
10 00 00 00 00 00 00 00 00 00 00 00 00 25 24 00 00 00 00 00 00 00 00 00 00 00 00 13
10 00 30 27 27 31 00 30 27 27 27 31 00 25 24 00 30 27 27 27 31 00 30 27 27 31 00 13
10 00 25 00 00 24 00 25 00 00 00 24 00 25 24 00 25 00 00 00 24 00 25 00 00 24 00 13
10 00 28 26 26 29 00 28 26 26 26 29 00 28 29 00 28 26 26 26 29 00 28 26 26 29 00 13
10 00 00 00 00 00 00 00 00 00 00 00 00 00 00 00 00 00 00 00 00 00 00 00 00 00 00 13
10 00 30 27 27 31 00 30 31 00 30 27 27 27 27 27 27 31 00 30 31 00 30 27 27 31 00 13
10 00 28 26 26 29 00 25 24 00 28 26 26 31 30 26 26 29 00 25 24 00 28 26 26 29 00 13
10 00 00 00 00 00 00 25 24 00 00 00 00 25 24 00 00 00 00 25 24 00 00 00 00 00 00 13
16 12 12 12 12 37 00 25 28 27 27 31 00 25 24 00 30 27 27 29 24 00 36 12 12 12 12 17
00 00 00 00 00 10 00 25 30 26 26 29 00 28 29 00 28 26 26 31 24 00 13 00 00 00 00 00
00 00 00 00 00 10 00 25 24 00 00 00 00 00 00 00 00 00 00 25 24 00 13 00 00 00 00 00
00 00 00 00 00 10 00 25 24 00 35 12 12 12 12 12 12 34 00 25 24 00 13 00 00 00 00 00
11 11 11 11 11 39 00 28 29 00 13 00 00 00 00 00 00 10 00 28 29 00 38 11 11 11 11 11
00 00 00 00 00 00 00 00 00 00 13 00 00 00 00 00 00 10 00 00 00 00 00 00 00 00 00 00
12 12 12 12 12 37 00 30 31 00 13 00 00 00 00 00 00 10 00 30 31 00 36 12 12 12 12 12
00 00 00 00 00 10 00 25 24 00 32 11 11 11 11 11 11 33 00 25 24 00 13 00 00 00 00 00
00 00 00 00 00 10 00 25 24 00 00 00 00 00 00 00 00 00 00 25 24 00 13 00 00 00 00 00
00 00 00 00 00 10 00 25 24 00 30 27 27 27 27 27 27 31 00 25 24 00 13 00 00 00 00 00
14 11 11 11 11 39 00 28 29 00 28 26 26 31 30 26 26 29 00 28 29 00 38 11 11 11 11 15
10 00 00 00 00 00 00 00 00 00 00 00 00 25 24 00 00 00 00 00 00 00 00 00 00 00 00 13
10 00 30 27 27 31 00 30 27 27 27 31 00 25 24 00 30 27 27 27 31 00 30 27 27 31 00 13
10 00 28 26 31 24 00 28 26 26 26 29 00 28 29 00 28 26 26 26 29 00 25 30 26 29 00 13
10 00 00 00 25 24 00 00 00 00 00 00 00 00 00 00 00 00 00 00 00 00 25 24 00 00 00 13
22 27 31 00 25 24 00 30 31 00 30 27 27 27 27 27 27 31 00 30 31 00 25 24 00 30 27 20
23 26 29 00 28 29 00 25 24 00 28 26 26 31 30 26 26 29 00 25 24 00 28 29 00 28 26 21
10 00 00 00 00 00 00 25 24 00 00 00 00 25 24 00 00 00 00 25 24 00 00 00 00 00 00 13
10 00 30 27 27 27 27 29 28 27 27 31 00 25 24 00 30 27 27 29 28 27 27 27 27 31 00 13
10 00 28 26 26 26 26 26 26 26 26 29 00 28 29 00 28 26 26 26 26 26 26 26 26 29 00 13
10 00 00 00 00 00 00 00 00 00 00 00 00 00 00 00 00 00 00 00 00 00 00 00 00 00 00 13
16 12 12 12 12 12 12 12 12 12 12 12 12 12 12 12 12 12 12 12 12 12 12 12 12 12 12 17
00 00 00 00 00 00 00 00 00 00 00 00 00 00 00 00 00 00 00 00 00 00 00 00 00 00 00 00
00 00 00 00 00 00 00 00 00 00 00 00 00 00 00 00 00 00 00 00 00 00 00 00 00 00 00 00
